179,194
221,203
262,211
302,220
340,227
377,235
413,241
448,247
482,253
514,259
547,264
578,269
609,273
639,277
669,281
699,284
728,288
757,290
786,293
815,296
178,233
220,242
261,250
300,257
339,264
375,270
411,276
446,282
479,287
512,292
544,297
575,301
606,305
636,308
666,312
695,315
725,318
754,320
783,323
811,325
176,273
219,280
259,287
299,294
337,300
374,306
409,311
444,316
477,320
510,325
542,329
573,333
603,336
634,340
663,343
693,345
722,348
751,350
779,352
808,355
175,312
217,318
258,324
297,330
335,336
372,341
408,345
442,350
475,353
508,357
539,361
570,364
601,367
631,370
661,373
690,375
719,378
748,380
776,382
805,383
174,350
216,356
257,361
296,366
334,371
370,375
406,379
440,383
473,386
506,389
537,393
568,395
599,398
629,401
658,403
688,405
717,407
745,409
774,410
802,412
173,388
215,393
256,397
295,401
333,405
369,409
404,412
438,416
472,418
504,421
536,424
567,426
597,428
627,430
656,432
686,434
715,436
743,437
772,439
800,440
172,425
215,429
255,433
294,436
332,440
368,443
403,446
437,448
470,450
503,452
534,455
565,457
596,458
625,460
655,462
684,463
713,464
741,466
770,467
798,468
171,463
214,466
254,469
293,471
331,474
367,476
402,478
436,480
469,482
501,484
533,485
564,487
594,488
624,489
653,491
682,492
711,493
740,494
769,495
797,496
171,500
213,502
253,504
292,506
330,508
366,509
401,511
435,512
468,513
500,515
532,516
563,517
593,518
623,519
652,520
681,521
710,521
739,522
768,523
796,524
170,536
212,538
253,539
292,540
329,541
366,542
401,543
435,544
468,545
500,545
531,546
562,547
592,548
622,548
652,549
681,549
710,550
738,550
767,551
795,551
170,573
212,574
252,574
291,575
329,575
365,575
400,576
434,576
467,576
499,577
531,577
562,577
592,577
622,577
651,578
681,578
710,578
738,579
767,579
795,579
169,610
211,610
252,609
291,609
328,609
365,608
400,608
434,608
467,608
499,608
531,607
562,607
592,607
622,607
651,607
680,607
709,607
738,607
766,607
795,607
168,647
210,646
251,645
290,644
328,643
365,642
400,641
433,640
467,639
499,638
531,638
561,637
592,637
622,636
651,636
681,636
710,635
738,635
767,635
795,634
168,684
210,682
251,680
290,678
328,676
364,675
400,673
433,672
467,670
499,669
531,668
562,668
592,667
622,666
652,665
681,664
710,664
739,663
768,663
796,662
167,722
210,719
250,716
290,713
328,711
364,708
399,706
434,704
467,702
499,701
531,699
562,698
593,697
623,695
653,694
682,693
711,692
740,692
769,691
797,690
166,760
209,756
250,752
289,748
328,745
364,742
400,739
434,737
467,734
500,732
532,731
563,729
594,727
624,725
654,724
683,723
712,721
741,720
770,719
798,719
166,798
209,793
250,788
289,784
328,780
365,776
400,773
435,770
468,767
501,764
533,762
564,760
595,757
625,756
655,754
685,752
714,751
743,749
772,748
800,747
166,837
208,831
250,826
289,820
328,816
365,811
401,807
435,803
469,800
502,797
534,794
566,791
597,789
627,786
657,784
687,782
716,781
745,779
774,777
803,776
165,877
208,870
250,863
289,857
328,852
365,847
401,842
436,837
470,833
503,830
536,826
567,823
599,820
629,818
659,815
689,813
718,811
748,809
777,807
805,805
165,917
208,909
249,902
289,895
328,888
366,882
402,877
437,872
472,867
505,863
537,859
569,856
601,852
631,849
661,846
691,844
721,841
750,839
780,837
808,835
1054,278
1083,276
1112,274
1141,272
1171,270
1201,268
1231,265
1262,262
1293,258
1325,255
1357,252
1391,248
1425,243
1460,238
1496,233
1534,227
1573,221
1613,214
1654,207
1698,200
1057,307
1086,306
1114,305
1144,303
1173,301
1203,299
1233,297
1263,294
1295,291
1326,288
1359,285
1392,282
1426,278
1461,274
1497,269
1534,264
1573,259
1613,253
1654,246
1697,240
1059,337
1088,336
1117,335
1146,333
1175,332
1205,330
1235,328
1265,326
1296,324
1328,321
1360,319
1393,316
1427,313
1461,309
1497,305
1534,301
1573,296
1612,291
1654,286
1697,280
1061,366
1090,366
1119,365
1148,364
1177,362
1207,361
1236,359
1267,358
1298,356
1329,354
1361,352
1394,349
1427,347
1462,344
1498,340
1535,337
1573,333
1612,329
1653,324
1696,319
1063,396
1092,395
1120,394
1149,393
1179,392
1208,391
1238,390
1268,389
1298,387
1330,386
1362,384
1395,382
1428,380
1462,378
1498,375
1535,372
1573,369
1612,366
1653,362
1695,358
1064,424
1093,424
1122,423
1151,423
1180,422
1209,422
1239,421
1269,420
1300,419
1331,417
1363,416
1395,415
1428,413
1463,411
1498,409
1535,407
1572,405
1612,402
1653,399
1695,396
1066,453
1094,453
1123,452
1152,452
1181,452
1210,451
1239,451
1269,450
1300,449
1331,449
1363,448
1395,447
1429,446
1463,445
1498,443
1534,442
1572,440
1611,438
1652,436
1694,434
1066,481
1095,481
1123,481
1152,481
1181,481
1210,481
1240,481
1270,480
1300,480
1331,480
1363,479
1395,479
1428,478
1462,477
1498,477
1534,476
1572,475
1611,474
1652,472
1694,471
1067,509
1095,509
1123,510
1152,510
1181,510
1210,510
1240,510
1270,511
1300,510
1331,510
1363,511
1395,510
1428,510
1462,510
1498,510
1534,510
1571,509
1610,509
1651,509
1693,508
1067,537
1095,537
1123,538
1152,538
1181,539
1210,540
1240,540
1270,540
1300,541
1331,541
1363,542
1395,542
1428,542
1462,543
1497,543
1533,544
1571,544
1610,545
1650,545
1692,545
1066,565
1095,565
1123,566
1152,567
1181,568
1210,569
1239,570
1269,570
1300,571
1330,572
1362,573
1394,574
1427,575
1461,576
1497,577
1533,578
1570,579
1609,580
1650,581
1691,582
1066,593
1094,594
1123,595
1151,596
1180,597
1209,598
1239,599
1268,600
1299,601
1330,603
1361,604
1394,605
1426,607
1461,608
1496,610
1532,611
1569,613
1608,615
1649,617
1691,619
1064,621
1093,622
1121,623
1150,624
1179,626
1208,627
1237,628
1267,630
1298,631
1328,633
1360,635
1392,637
1425,639
1459,641
1495,643
1531,645
1568,648
1607,650
1648,653
1689,656
1063,648
1091,650
1120,651
1148,653
1177,654
1207,656
1236,658
1266,660
1296,662
1327,663
1359,666
1391,668
1424,671
1458,673
1494,676
1530,679
1567,682
1606,686
1647,689
1688,693
1061,676
1089,678
1118,680
1147,682
1176,683
1205,685
1234,687
1264,690
1294,692
1325,694
1357,697
1390,700
1423,703
1457,706
1492,709
1528,713
1566,717
1605,721
1646,726
1687,731
1059,705
1087,707
1115,708
1144,711
1173,713
1203,715
1232,717
1262,720
1292,722
1324,725
1355,729
1388,732
1421,736
1455,740
1490,743
1527,748
1564,752
1604,757
1644,763
1686,768
1056,734
1084,736
1113,738
1142,740
1171,742
1200,745
1230,747
1260,750
1290,753
1321,757
1353,760
1386,765
1419,769
1453,773
1489,778
1525,783
1563,788
1602,794
1643,800
1685,806
1053,763
1081,764
1110,767
1139,769
1168,772
1197,775
1227,778
1257,781
1288,785
1319,789
1351,793
1384,798
1417,802
1451,807
1487,812
1524,818
1561,824
1601,831
1642,838
1684,845
1049,792
1078,794
1107,797
1136,799
1165,802
1194,805
1224,809
1254,813
1285,817
1316,821
1348,826
1381,831
1415,836
1449,842
1485,848
1522,854
1560,861
1599,868
1640,876
1683,884
1046,821
1074,823
1103,826
1132,829
1161,833
1191,836
1221,840
1251,844
1282,849
1313,854
1346,859
1379,864
1412,870
1447,877
1483,883
1520,890
1558,898
1598,906
1639,915
1681,924
