209,204
250,212
290,221
328,228
365,235
402,242
436,248
470,254
503,259
536,264
567,269
598,273
628,277
658,281
688,285
717,288
745,291
773,294
802,297
830,298
208,244
249,251
288,258
327,265
364,271
400,277
434,283
468,288
501,292
533,297
564,301
595,305
625,309
655,312
684,316
713,318
742,321
770,324
798,326
826,328
206,283
247,289
287,295
325,301
362,307
398,312
433,317
466,322
499,326
531,330
562,334
593,337
623,340
653,343
682,346
711,348
739,351
767,353
795,355
823,357
205,321
246,326
286,332
324,337
361,342
396,347
431,351
464,355
497,358
529,362
560,365
590,368
620,371
650,373
679,376
708,378
736,380
765,382
792,384
820,386
204,359
245,364
284,368
322,373
359,377
395,381
429,385
462,387
495,391
527,394
558,397
588,399
618,401
648,403
677,406
706,408
734,409
762,411
790,413
818,415
203,396
244,400
284,404
321,408
358,412
393,414
428,417
461,420
494,423
525,425
556,428
587,430
617,432
646,434
675,435
704,437
732,438
760,439
788,441
816,443
203,433
243,437
283,440
321,443
357,446
393,448
427,451
460,452
492,455
524,457
555,459
585,460
615,461
645,463
673,465
702,466
731,467
759,468
786,469
814,470
202,470
243,473
282,475
320,477
356,479
392,481
426,483
459,485
491,486
523,487
554,489
584,490
614,492
643,492
672,493
701,494
729,495
757,496
785,497
812,498
202,507
243,508
282,510
320,511
356,513
391,514
425,515
458,516
490,517
522,518
553,519
583,520
613,521
643,521
671,522
699,523
728,523
756,524
784,524
811,525
201,543
242,544
281,545
319,545
355,546
391,546
425,547
458,548
490,548
521,549
552,549
583,550
613,550
642,551
670,551
699,551
728,552
756,552
783,552
811,553
201,579
242,579
281,579
319,580
355,579
391,579
424,579
458,579
490,579
521,579
552,580
583,580
612,580
642,580
671,580
699,580
728,580
756,580
783,580
811,580
201,616
242,615
281,614
319,614
355,613
390,612
424,611
458,611
490,610
521,610
552,610
583,609
612,609
642,608
671,609
699,608
727,608
756,608
783,607
811,608
201,652
241,650
281,649
319,648
355,646
390,645
424,644
458,643
490,641
521,641
552,640
583,639
612,638
642,638
671,637
700,637
728,636
756,636
783,635
811,634
200,689
241,686
281,684
319,682
355,680
391,677
425,676
458,674
490,673
522,671
553,670
583,669
613,668
642,667
672,666
700,665
729,664
757,663
784,663
812,662
200,726
242,722
280,719
319,716
355,713
391,711
425,708
458,706
491,703
523,702
553,700
584,699
614,697
643,696
672,695
702,694
730,693
758,692
785,691
814,690
200,763
241,758
281,754
319,751
356,747
391,744
426,741
459,738
492,736
523,733
555,732
585,730
615,727
645,726
674,724
703,723
731,721
759,720
787,719
815,718
200,800
241,795
281,790
320,786
356,781
392,778
426,774
460,770
493,768
525,765
556,762
587,760
617,758
646,756
676,754
705,752
733,750
761,748
789,747
817,745
201,838
242,832
282,827
320,821
357,817
393,812
427,808
461,803
494,800
526,797
557,794
588,791
618,788
648,786
677,783
707,781
736,779
764,777
792,776
820,774
201,877
242,870
282,863
321,857
358,852
394,846
429,842
463,837
496,833
528,829
559,826
590,822
621,819
651,816
680,814
709,811
738,809
767,807
794,805
823,803
201,917
243,909
283,901
322,894
359,888
395,882
430,876
464,871
497,866
530,862
561,858
592,854
623,850
653,847
682,844
712,841
741,839
769,837
798,834
826,832
1056,285
1084,284
1112,282
1140,280
1169,277
1198,275
1227,272
1257,268
1287,265
1318,261
1350,258
1382,253
1415,249
1449,244
1485,238
1520,232
1558,226
1596,220
1637,213
1678,205
1059,315
1087,313
1115,312
1143,310
1171,308
1200,306
1230,303
1259,300
1289,297
1320,294
1352,291
1384,287
1417,283
1451,279
1485,274
1521,269
1559,264
1597,258
1637,251
1678,245
1061,345
1089,343
1117,342
1145,340
1173,338
1202,336
1232,334
1261,332
1291,329
1322,326
1353,324
1385,321
1418,317
1451,313
1486,309
1522,305
1559,300
1597,295
1637,290
1678,284
1064,373
1092,372
1119,371
1147,369
1175,368
1204,366
1234,365
1263,363
1293,361
1323,358
1354,356
1386,353
1419,350
1452,347
1487,344
1522,340
1559,336
1598,332
1637,328
1678,323
1066,402
1093,401
1120,400
1149,399
1177,398
1206,396
1235,395
1264,393
1294,392
1324,390
1355,388
1387,386
1419,384
1453,381
1487,378
1523,375
1559,372
1598,368
1637,365
1678,361
1067,430
1095,430
1122,429
1150,428
1178,427
1207,426
1236,425
1265,424
1295,422
1325,421
1356,420
1388,418
1420,416
1453,414
1487,412
1523,410
1560,407
1598,404
1637,401
1678,398
1068,458
1096,458
1123,457
1151,457
1180,456
1208,456
1237,455
1266,454
1296,453
1326,452
1357,451
1388,450
1421,448
1454,447
1488,446
1523,444
1560,441
1597,440
1637,438
1677,436
1069,486
1097,486
1124,486
1152,485
1180,485
1209,485
1237,484
1267,484
1296,483
1326,482
1357,482
1389,481
1421,480
1454,479
1488,478
1523,477
1559,476
1597,475
1636,474
1677,472
1070,514
1097,514
1125,514
1153,514
1181,514
1209,513
1238,513
1267,513
1296,513
1326,513
1357,513
1389,512
1421,512
1454,511
1488,511
1522,511
1559,510
1597,509
1636,509
1676,508
1070,541
1098,541
1125,542
1152,542
1181,542
1209,542
1238,542
1267,543
1296,543
1326,543
1357,543
1388,543
1421,544
1454,544
1487,544
1522,544
1559,544
1596,544
1635,544
1676,545
1070,569
1098,569
1125,569
1153,570
1181,570
1209,571
1238,571
1267,572
1296,572
1326,573
1357,574
1388,574
1420,575
1453,576
1487,577
1522,577
1558,578
1596,579
1635,580
1676,581
1070,596
1097,597
1124,597
1152,598
1180,599
1208,600
1237,601
1266,601
1295,602
1326,603
1357,604
1388,605
1420,606
1453,608
1486,609
1521,611
1558,612
1595,613
1634,615
1675,617
1069,624
1096,624
1123,625
1151,626
1180,627
1207,628
1236,629
1265,631
1295,632
1325,633
1356,635
1387,636
1419,638
1452,640
1485,642
1521,644
1557,646
1595,648
1633,650
1674,652
1067,651
1095,652
1122,653
1150,654
1178,656
1207,657
1235,658
1264,660
1294,662
1324,663
1355,665
1386,667
1418,669
1451,672
1485,674
1520,677
1556,680
1594,683
1633,686
1673,689
1066,679
1093,680
1121,681
1149,683
1177,684
1205,686
1234,688
1263,690
1292,691
1322,694
1353,696
1385,699
1417,701
1450,704
1484,707
1519,710
1555,714
1593,717
1632,722
1673,726
1064,706
1091,708
1119,709
1147,711
1175,713
1203,715
1232,717
1261,719
1291,722
1321,724
1352,727
1383,730
1415,733
1449,737
1483,740
1518,744
1554,748
1592,753
1631,757
1672,762
1061,734
1089,736
1117,738
1145,740
1173,742
1201,744
1230,747
1259,749
1289,752
1319,755
1350,759
1382,762
1414,766
1447,769
1481,774
1517,778
1553,783
1591,788
1630,794
1671,800
1059,763
1086,764
1114,767
1142,769
1170,771
1199,774
1228,776
1257,780
1287,783
1317,786
1348,790
1380,794
1412,798
1446,803
1480,808
1516,813
1552,819
1590,824
1630,831
1670,838
1056,792
1083,794
1111,795
1139,798
1168,801
1196,804
1225,807
1255,810
1285,814
1315,818
1346,822
1378,827
1410,832
1444,836
1478,842
1514,848
1551,854
1589,861
1629,868
1669,876
1052,821
1080,823
1108,825
1136,828
1164,831
1194,834
1223,838
1252,841
1282,845
1312,850
1344,855
1376,860
1408,865
1442,871
1477,877
1512,884
1549,891
1588,898
1628,907
1668,915
